
1584139
1644847
1557692
1631853
1600282
1612530
1566148
1584272
1659369
1657189
1561450
1609625
1563761
1602412
1616162
1642870
1577544
1618135
1575129
1618314
1586523
1616038
1600732
1576209
1588170
1555468
1593147
1644993
1613229
1603080
1643676
1619122
1644798
1616806
1657860
1607855
1574048
1563477
1594002
1564524
1563555
1655869
1565625
1633117
1594996
1634136
1622940
1657275
1627180
1645980
1634409
1649247
1603711
1588837
1632314
1652128
1613290
1586656
1639990
1630115
1607809
1637614
1582039
1635521
1561558
1598427
1562596
1585776
1616528
1623719
1603117
1662957
1636928
1576698
1588355
1584053
1594966
1581667
1650142
1586057
1575905
1591109
1636308
1571432
1662535
1621080
1582849
1641514
1558770
1570923
1637827
1655163
1570527
1663535
1618106
1581589
1615476
1606148
1614451
1595830
1605135
1594220
1661682
1660659
1573143
1569102
1589791
1576574
1632732
1599336
1621715
1654898
1600952
1600033
1574202
1629945
1592384
1599459
1581069
1571421
1613388
1623092
1648723
1631059
1635599
1640094
1628775
1636205
1609573
1557896
1559678
1645487
1650126
1660279
1619267
1609676
1594014
1634973
1653417
1580139
1583066
1595676
1653491
1641637
1567064
1621840
1645496
1644964
1560630
1577989
1630651
1612329
1622955
1591066
1643598
1593948
1635005
1662089
1571163
1593647
1608945
1577907
1660196
1585692
1572343
1645451
1656459
1607994
1587259
1641342
1660785
1594178
1559433
1620865
1625938
1620008
1664035
1636145
1603651
1584120
1621688
1593129
1651467
1652769
1627185
1594332
1583463
1564700
1630159
1632112
1560342
1614143
1559903
1620635
1571356
1577766
1582382
1646749
1603257
1635195
1649200
1639626
1592455
1653547
1630860
1659981
1563795
1595882
1664182
1637250
1570264
1592636
1562092
1603130
1651672
1655558
1570252
1622402
1655968
1610539
1628099
1582158
1615300
1590405
1636321
1632332
1573621
1627981
1652045
1655180
1639085
1581413
1588896
1649476
1647993
1585033
1558777
1612438
1590312
1603367
1600476
1647633
1565694
1635989
1651312
1662021
1581164
1594975
1636825
1623059
1657612
1587169
1606070
1630148
1590342
1663274
1573124
1608999
1578418
1581118
1627483
1556390
1649355
1595723
1571895
1592606
1581292
1641355
1567693
1579295
1589848
1592193
1653257
1585818
1566848
1651075
1633477
1660846
1660086
1641002
1646706
1628282
1585786
1564842
1561175
1577815
1613102
1596069
1593911
1604061
1635930
1623981
1566500
1605481
1586892
1567718
1625152
1617313
1618480
1560651
1596360
1555423
1595800
1662374
1585804
1593498
1589696
1578507
1565697
1610270
1636923
1614483
1634985
1592907
1660347
1588430
1630768
1634254
1651064
1657768
1586494
1637371
1589845
1608730
1653734
1568026
1591052
1651663
1606955
1558416
1566631
1620267
1636820
1587627
1574235
1656676
1602387
1588434
1618491
1639238
1648806
1584309
1655948
1641869
1660605
1605657
1572731
1600651
1583256
1600011
1627225
1654539
1621436
1658350
1623323
1571698
1622907
1633483
1636352
1659400
1556177
1613371
1641257
1556726
1557354
1590932
1631394
1583404
1626780
1570007
1621445
1630604
1580859
1627856
1586222
1599533
1643226
1570412
1639554
1565523
1621208
1591131
1601804
1651874
1592976
1630297
1597791
1644972
1662011
1604865
1638179
1650372
1556412
1619314
1627596
1590415
1618402
1592704
1566465
1624515
1616788
1563389
1640582
1640103
1584353
1589257
1586522
1599629
1563759
1635158
1562028
1565981
1606053
1578215
1594680
1642921
1644251
1611125
1628537
1590166
1648000
1606624
1578125
1657014
1559123
1572447
1564122
1575313
1632500
1597786
1573860
1589258
1583729
1583554
1625570
1580346
1579856
1571235
1636703
1569376
1588538
1568354
1580995
1645192
1654748
1658678
1600970
1590468
1596300
1635398
1577306
1620819
1651162
1661912
1637288
1597105
1622902
1663187
1620760
1607279
1610366
1643861
1641321
1643679
1647741
1588062
1647390
1595183
1627414
1663355
1616089
1578358
1592459
1616793
1561183
1642089
1615879
1593806
1584282
1632592
1580159
1598779
1555229
1573360
1603016
1633304
1567049
1557569
1591388
1603292
1621172
1581823
1634755
1622511
1604307
1622841
1580239
1635388
1596990
1586486
1583534
1664293
1661802
1648954
1600391
1649782
1608290
1578017
1577427
1620525
1662188
1632307
1611786
1594209
1561173
1566240
1579107
1623760
1632232
1581161
1638500
1596995
1567757
1659359
1651112
1637971
1573627
1600001
1652960
1587826
1649379
1559711
1602220
1575080
1644812
1580671
1660387
1652352
1632474
1616721
1630735
1646970
1568523
1593727
1565131
1657235
1561238
1590406
1633745
1634260
1651833
1648774
1656777
1622026
1589073
1558425
1594110
1563669
1648074
1658804
1561675
1601819
1573880
1598162
1593476
1628913
1656157
1595930
1651057
1573721
1662459
1592276
1583126
1608740
1660048
1659230
1646771
1611503
1559776
1599007
1660488
1594177
1570840
1576653
1585544
1599474
1650768
1599389
1589183
1645982
1641038
1563145
1662685
1651208
1614591
1607085
1628451
1588972
1603397
1614875
1659113
1594050
1580665
1628892
1565160
1579675
1644794
1590193
1584895
1581064
1581780
1568168
1643043
1583995
1555244
1609619
1637171
1603735
1578790
1656692
1559639
1637684
1574020
1564038
1655862
1614849
1586394
1582985
1560178
1612212
1592635
1608380
1560359
1635534
1652525
1578635
1639991
1576113
1606264
1574336
1568383
1556515
1588363
1605130
1612564
1621617
1599341
1603212
1582848
1588446
1580782
1570312
1639108
1578430
1562246
1586524
1645471
1584357
1599414
1603801
1600911
1664076
1584215
1632509
1608508
1642061
1647581
1563670
1573496
1624083
1637283
1561490
1634705
1587905
1624084
1601613
1558873
1628748
1585722
1621677
1649770
1583716
1588295
1561325
1648433
1565562
1650858
1644968
1642670
1631490
1625548
1652221
1626772
1627776
1561961
1592619
1638162
1588948
1569114
1587111
1563118
1580163
1638020
1663832
1657946
1593319
1579839
1610619
1627223
1619757
1647136
1664062
1621375
1584310
1558870
1642681
1625592
1595395
1623077
1645842
1569110
1592836
1568034
1636392
1646623
1570871
1663386
1590711
1624363
1562573
1642105
1629638
1589307
1608140
1580290
1651196
1601691
1641702
1600976
1608876
1577184
1591675
1585827
1645057
1622424
1588278
1583101
1639106
1615104
1635778
1583536
1657655
1572703
1583750
1557285
1625989
1600256
1572247
1647893
1622231
1567323
1593410
1609960
1639003
1619160
1653090
1648280
1658256
1643095
1625513
1611819
1558788
1609645
1657757
1567802
1662312
1597827
1558184
1583633
1618954
1629718
1638103
1641020
1650273
1659645
1583636
1657431
1585156
1600359
1592690
1606802
1589099
1590587
1638595
1651509
1642657
1650960
1638059
1588072
1602073
1647424
1633351
1575206
1642743
1594347
1639112
1611798
1638843
1663459
1655302
1660514
1582357
1584346
1638502
1651876
1660683
1617199
1646129
1628453
1590148
1555257
1649925
1568470
1565220
1561629
1567392
1613748
1602520
1616971
1591173
1641811
1633790
1639429
1586520
1560510
1595377
1576966
1633801
1631080
1582943
1587581
1591275
1560320
1600342
1564999
1566687
1630295
1606803
1567381
1589321
1617256
1563534
1556309
1559765
1623087
1587470
1626469
1649388
1655568
1566914
1580721
1644678
1626532
1614363
1654015
1613833
1597445
1598048
1608872
1657311
1594831
1568236
1559695
1571607
1633108
1615785
1567273
1558885
1634518
1558424
1566918
1613340
1596582
1636977
1586474
1632417
1595496
1635072
1565443
1619095
1566375
1662551
1625502
1607410
1571470
1572177
1614809
1583776
1649158
1635410
1565023
1609627
1595361
1587939
1580140
1650739
1642998
1556070
1560151
1609752
1650875
1658715
1623038
1588952
1638570
1583143
1577185
1583497
1633538
1640828
1562915
1580131
1627785
1612932
1657520
1558403
1608975
1558211
1646138
1608920
1651119
1624685
1630968
1624541
1583217
1640003
1662532
1622771
1584587
1577011
1568037
1636589
1571318
1637689
1556354
1559848
1647687
1567598
1559682
1570178
1577586
1657796
1588179
1610635
1572041
1586208
1654759
1573606
1586351
1614164
1655021
1611823
1574950
1631034
1621629
1565493
1642879
1585035
1636174
1604913
1603327
1568171
1621936
1657849
1563964
1593581
1589855
1614768
1603573
1655906
1661758
1661623
1637126
1573316
1598907
1585055
1611706
1653531
1607462
1562273
1663164
1645701
1569239
1650506
1644953
1630625
1597102
1592183
1609684
1652714
1596725
1649484
1645535
1638819
1655847
1637091
1641335
1580531
1661363
1648571
1633895
1641571
1569950
1581133
1625168
1558653
1584718
1633856
1657119
1562291
1617534
1561477
1637186
1591243
1639964
1592483
1646305
1580173
1635849
1616388
1610103
1573189
1590411
1578600
1641612
1639844
1645172
1573853
1629668
1655770
1643761
1592842
1585464
1585770
1556734
1603104
1610848
1588096
1574211
1626881
1632427
1643232
1650174
1605275
1645473
1659558
1612357
1626136
1561735
1652127
1644125
1571724
1628598
1583792
1556367
1560058
1625440
1615697
1595801
1568904
1616034
1600130
1645567
1600849
1628712
1604102
1630096
1584966
1628673
1598401
1568946
1588075
1562259
1574730
1621634
1631526
1590929
1603354
1594522
1588644
1565898
1641225
1638047
1614039
1598560
1586786
1613247
1626803
1603293
1577962
1629613
1658456
1600275
1650830
1645291
1633757
1635406
1616545
1597582
1653305
1591927
1606130
1568100
1633352
1608834
1562447
1582032
1639348
1636159
1610202
1603242
1566320
1568798
1649698
1621854
1584826
1562864
1641300
1644143
1605954
1612043
1598260
1583833
1581268
1641836
1613475
1637257
1593589
1574844
1641840
1565916
1597645
1587661
1570320
1634738
1663358
1588369
1613619
1572481
1660986
1645576
1590195
1652604
1638448
1657679
1573670
1635026
1641015
1636439
1634147
1581496
1573644
1569354
1616683
1558590
1563503
1641048
1615034
1590092
1625660
1617375
1574182
1604523
1642403
1595122
1620932
1589538
1592018
1562619
1620603
1643654
1659250
1567888
1580321
1660453
1663899
1630902
1618755
1623198
1640953
1662571
1656358
1592488
1577681
1569291
1563412
1617685
1588709
1580994
1653118
1597430
1610105
1625960
1586839
1602072
1639424
1571666
1590829
1639524
1614714
1582927
1640980
1620276
1623388
1578457
1644695
1631818
1649187
1622564
1659893
1631669
1651131
1583556
1643839
1569864
1655251
1642778
1587751
1645972
1572155
1641759
1585291
1633221
1654763
1646463
1640744
1608881
1629505
1577273
1615719
1573507
1572668
1562027
1663114
1562101
1560108
1583569
1615229
1576064
1616415
1633247
1618667
1630514
1600787
1641275
1569744
1627147
1572364
1645201
1655425
1635325
1587065
1610268
1583320
1581638
1627452
1600642
1647691
1571335
1652660
1633820
1649475
1570987
1582253
1629907
1561843
1598078
1629714
1573514
1617724
1648274
1626538
1644431
1614477
1609829
1654563
1661857
1579838
1561241
1650324
1653675
1643127
1588307
1615640
1632213
1576767
1583725
1608289
1644611
1604277
1637494
1616895
1624746
1663654
1569862
1574191
1621944
1661657
1571129
1561506
1622226
1588264
1582664
1577202
1578784
1558623
1620991
1572983
1595091
1586098
1562039
1613390
1590265
1560533
1587838
1652421
1663908
1590416
1555717
1568018
1597173
1563047
1604568
1567513
1663956
1626292
1568186
1627594
1648494
1568501
1645029
1575338
1592251
1604650
1572372
1575592
1604353
1614944
1618473
1612774
1632187
1560728
1597248
1654038
1615786
1593206
1609807
1641541
1584637
1662674
1577096
1637182
1634433
1580233
1589587
1565939
1560890
1629670
1636824
1561142
1575297
1583899
1573587
1622034
1638144
1586711
1619975
1643920
1630972
1567676
1569568
1588654
1641851
1558821
1627755
1628240
1625445
1589331
1586845
1639351
1649676
1608727
1639701
1581459
1623733
1569673
1572383
1648585
1616519
1579553
1636120
1618814
1648572
1620965
1637130
1597570
1610718
1586471
1630372
1656973
1628926
1659804
1663838
1577464
1635602
1613541
1606110
1580167
1644976
1654373
1583508
1564704
1558367
1595381
1643104
1655639
1571419
1586180
1611894
1639023
1663425
1661566
1596687
1641503
1651556
1561149
1568341
1624627
1569556
1600802
1632264
1555793
1645063
1559954
1651339
1632431
1662385
1662822
1659803
1649150
1602137
1618198
1589365
1647508
1649030
1560591
1579659
1654924
1628052
1597792
1649721
1659987
1585463
1647240
1653677
1591176
1607820
1650319
1645326
1649012
1654662
1565912
1643231
1616667
1607631
1662425
1655289
1648579
1651487
1587295
1622599
1658689
1652897
1580438
1589072
1594904
1604527
1651729
1559251
1627218
1619699
1558767
1594853
1556564
1602772
1652053
1563496
1637365
1636241
1660091
1634429
1645710
1604322
1659788
1592217
1566237
1664284
1582793
1619889
1609053
1593936
1603446
1609281
1638673
1558215
1610180
1641854
1560277
1568421
1558638
1555627
1633306
1597787
1637255
1600186
1583452
1635036
1604237
1617697
1622952
1556671
1577207
1581438
1583193
1589684
1609947
1652384
1649257
1654600
1638223
1603957
1563667
1628884
1598988
1594415
1558332
1621032
1661675
1603898
1564334
1620672
1577828
1603084
1588873
1662979
1655805
1648306
1569216
1561751
1647433
1603772
1653565
1642829
1591567
1558814
1569126
1613803
1558111
1605710
1590015
1567769
1658622
1628608
1615199
1628981
1642293
1617651
1580727
1610724
1657672
1662189
1613201
1643926
1565606
1592654
1649966
1592313
1561200
1583476
1643175
1623901
1607309
1583877
1573966
1631276
1576587
1590424
1563504
1664279
1587689
1651377
1629662
1562069
1644541
1567677
1603438
1649084
1657192
1636941
1628195
1578895
1642481
1652034
1654321
1559410
1596913
1604239
1602425
1661198
1622054
1620833
1567729
1656488
1603784
1627602
1625903
1620775
1647803
1562899
1604560
1622592
1635326
1640952
1572536
1571968
1620883
1640891
1632513
1647417
1600060
1597401
1556782
1599306
1565209
1608401
1579042
1663076
1629034
1585150
1596573
1642643
1616368
1566551
1575382
1652159
1590426
1633606
1635391
1594106
1609410
1652514
1583248
1602685
1629037
1664405
1620156
1641122
1622266
1656544
1593854
1649766
1611758
1612401
1562041
1590422
1600126
1592685
1594805
1635329
1626016
1630007
1630770
1626790
1629648
1592201
1658098
1583227
1594636
1651972
1567976
1617715
1582269
1584156
1572772
1584391
1644796
1562752
1570467
1596873
1622455
1647507
1657342
1626481
1559188
1584176
1624100
1571503
1616632
1575694
1655972
1586646
1588097
1643682
1650084
1589151
1615823
1634876
1627497
1602301
1624097
1597089
1664379
1656135
1598221
1591136
1644693
1581289
1561458
1651152
1594698
1585519
1654125
1628729
1576858
1652161
1573287
1630858
1579978
1624556
1589368
1607990
1586676
1627012
1602215
1585834
1591108
1629961
1609008
1642687
1654282
1627661
1649238
1578199
1650360
1616369
1628028
1660466
1635001
1653333
1659688
1636233
1640657
1643083
1588269
1558071
1587738
1610000
1592345
1609272
1568309
1638883
1589827
1649140
1603750
1581746
1616462
1625309
1656578
1602774
1571301
1608529
1637090
1584739
1648155
1638784
1588277
1571408
1638569
1630023
1570662
1652611
1600055
1572642
1653031
1600364
1630344
1557750
1605742
1655979
1618350
1655798
1654762
1645897
1584173
1638691
1662354
1584799
1609877
1566262
1651321
1578992
1610659
1607565
1560050
1643516
1609674
1658378
1611973
1579248
1620716
1652026
1581868
1603945
1651830
1557914
1582920
1591130
1625460
1644540
1660119
1625857
1583861
1651560
1616174
1558806
1663339
1607360
1561725
1588643
1558362
1651774
1603054
1612112
1594576
1586512
1594427
1606777
1632730
1655429
1596526
1618573
1624046
1588659
1651862
1574252
1559747
1570265
1645247
1661838
1604366
1585553
1585120
1627455
1652817
1648635
1664262
1655499
1654131
1591014
1601366
1648195
1643024
1562013
1555684
1615103
1631959
1633611
1607814
1566085
1631947
1577248
1655731
1560508
1608495
1642364
1605628
1614485
1595489
1583105
1588105
1563962
1578782
1573414
1623797
1662138
1635411
1621231
1571779
1643282
1569351
1659129
1656340
1655116
1611112
1591380
1562032
1647121
1661764
1566083
1651460
1643738
1563611
1603748
1588750
1626309
1660276
1647754
1647736
1565767
1662666
1585617
1585812
1650958
1648361
1612599
1631527
1585320
1653543
1645649
1641664
1636123
1633326
1621501
1563050
1661739
1626206
1663188
1610495
1631334
1617058
1638316
1600775
1556422
1561437
1614985
1560619
1624426
1649461
1636609
1637592
1578038
1591143
1621422
1569670
1612850
1633824
1606161
1641218
1557001
1625427
1621800
1594683
1576962
1654785
1594988
1663576
1660082
1611976
1635862
1625696
1661270
1585846
1571662
1643070
1660476
1565689
1613446
1601950
1655305
1566553
1601009
1583494
1650114
1563518
1572617
1568584
1629089
1650766
1646514
1613249
1651070
1651137
1589376
1585157
1632088
1564018
1572463
1635470
1648010
1620950
1609236
1600396
1625620
1560899
1651859
1581522
1583245
1572893
1631735
1644186
1650361
1623663
1590972
1603443
1606770
1633794
1578176
1573879
1579588
1661672
1661751
1616903
1558431
1559458
1609282
1625970
1659471
1642407
1580116
1559151
1583710
1583659
1611231
1641955
1651313
1591106
1647197
1623789
1610608
1658522
1609300
1610228
1586542
1619579
1559265
1576171
1611296
1595974
1569944
1619685
1562480
1562269
1576158
1663220
1596124
1576014
1599974
1638900
1592785
1657769
1597208
1556176
1575355
1588737
1570327
1636180
1610071
1613486
1607286
1572817
1579290
1610388
1578517
1661175
1643831
1640050
1653546
1603224
1584004
1590791
1616871
1569707
1583804
1581931
1652415
1589164
1560064
1597387
1624920
1629869
1587345
1603641
1616197
1616181
1586303
1572466
1646661
1663394
1581072
1587469
1586544
1609344
1663429
1584271
1560237
1592175
1609747
1605796
1638032
1633571
1643515
1618572
1562375
1575442
1592419
1623043
1614342
1623313
1628205
1618303
1630411
1642851
1576552
1651619
1613023
1631074
1588808
1561559
1633173
1652710
1659520
1609033
1599170
1610685
1567469
1640995
1642313
1560655
1617900
1562140
1630049
1558391
1649580
1585049
1599390
1601040
1628766
1587164
1604454
1615962
1629649
1607403
1622318
1601427
1620728
1570511
1594411
1604271
1642185
1578495
1643365
1590139
1650325
1564748
1637530
1620733
1581399
1558753
1662660
1644449
1578470
1582056
1631477
1579932
1603319
1646371
1642856
1593286
1661141
1569061
1609279
1588751
1590644
1617586
1595617
1599391
1578368
1580332
1588270
1646436
1587614
1636961
1661520
1566080
1564671
1655123
1587896
1597863
1587978
1566297
1652918
1581465
1558299
1562839
1655613
1621598
1585960
1660052
1616902
1596861
1582543
1648221
1561475
1656529
1655009
1594628
1614423
1610212
1622964
1657151
1566143
1651359
1581647
1593161
1651479
1610593
1570579
1646718
1642862
1597944
1566159
1640458
1623982
1664187
1579260
1578027
1630855
1603161
1582626
1609330
1625084
1574302
1560690
1568110
1644066
1588244
1599936
1627079
1574159
1584769
1559168
1583914
1664034
1569588
1621068
1595697
1641868
1583824
1632859
1641396
1615796
1571814
1622496
1615164
1639008
1634718
1638491
1625060
1622018
1606149
1616211
1659094
1606326
1586843
1592814
1627842
1585606
1569804
1572614
1576769
1617807
1592553
1566791
1661971
1657322
1604524
1596521
1586531
1583557
1638562
1641051
1640562
1581598
1629681
1608541
1653527
1568775
1574286
1641688
1659164
1559860
1635833
1608815
1602762
1597799
1599395
1592145
1612816
1596905
1623564
1568883
1663097
1609772
1639881
1570979
1587228
1594685
1626762
1649161
1644322
1592465
1615965
1583893
1580734
1556964
1591256
1587558
1637845
1582099
1576415
1576134
1627802
1653532
1628686
1631893
1639877
1636276
1642791
1656939
1634723
1613271
1593713
1629518
1579400
1587760
1658061
1618575
1586072
1594166
1641959
1610138
1620831
1636683
1578351
1578223
1653509
1597411
1650836
1626650
1628889
1578420
1609664
1625768
1573992
1654209
1639872
1658445
1650333
1585943
1570021
1578554
1631493
1612697
1617149
1628029
1638867
1659511
1590049
1645851
1655592
1625092
1619949
1627933
1580493
1624810
1594045
1632728
1593954
1631136
1658825
1592908
1584449
1618031
1565319
1614046
1633082
1619698
1603515
1562325
1592323
1613122
1601424
1663312
1602821
1630286
1592852
1569267
1612991
1617794
1651964
1654122
1659637
1624567
1576746
1565315
1589518
1594210
1610573
1646887
1558442
1608885
1658830
1614745
1577153
1632201
1575208
1655364
1623304
1594959
1563570
1567799
1658799
1624564
1643457
1561625
1583329
1637974
1589462
1592170
1561341
1625584
1581404
1628056
1626740
1593117
1623063
1622250
1650050
1564439
1626334
1563369
1629134
1629138
1641209
1589499
1590682
1563606
1622238
1570517
1652668
1620487
1569300
1647871
1583697
1564260
1592856
1657460
1569322
1663924
1639135
1638333
1656815
1603500
1555644
1595019
1606866
1649001
1612512
1630127
1647298
1604951
1656639
1649382
1609263
1583596
1627028
1568174
1661584
1625266
1609207
1662426
1594069
1599741
1654688
1657042
1560647
1601207
1578058
1611233
1607563
1613454
1642019
1619719
1653215
1646274
1583855
1609455
1559124
1656338
1618856
1576859
1594241
1592772
1563498
1664305
1643287
1635217
1659348
1627242
1629265
1557311
1604747
1597701
1577755
1562946
1623589
1626873
1597696
1568207
1566195
1621337
1590382
1631993
1625055
1633292
1587901
1576056
1585822
1663935
1625344
1590751
1559652
1600002
1587605
1597093
1652396
1606543
1569494
1655435
1585195
1582252
1576289
1574091
1654111
1575782
1578355
1614599
1639136
1624618
1623176
1607365
1648977
1575752
1591307
1639653
1574747
1570500
1565652
1578832
1586534
1610445
1586505
1624583
1630950
1635378
1589392
1628528
1663545
1660443
1647963
1641605
1562183
1659449
1651358
1572279
1660444
1586593
1591384
1655102
1565043
1595781
1633210
1652341
1648328
1647430
1662175
1572514
1571761
1621808
1573201
1624249
1661221
1652895
1617501
1633988
1631482
1664483
1623187
1582905
1570588
1555763
1614495
1633940
1606168
1645325
1610690
1597819
1612559
1654534
1613648
1561262
1660797
1628416
1572153
1617274
1653918
1606474
1606738
1589452
1591128
1570233
1565185
1557197
1597264
1580288
1645108
1596106
1594375
1634661
1638009
1626291
1608236
1635124
1577817
1656225
1601645
1609372
1641598
1592420
1642846
1612170
1599748
1616147
1643644
1650655
1657516
1558581
1573251
1636236
1592451
1592741
1558002
1606608
1592249
1589335
1566736
1652877
1596822
1650704
1603452
1640032
1621703
1652328
1560665
1661192
1628761
1602926
1558831
1639289
1603252
1652687
1588869
1561102
1583539
1663342
1633642
1577959
1627022
1598624
1661919
1622645
1599033
1645032
1561847
1595283
1653631
1562175
1562228
1597973
1605736
1632902
1557342
1573509
1561487
1652460
1637818
1633521
1628692
1559553
1643745
1617233
1614474
1576226
1603404
1631682
1558079
1653408
1605726
1634909
1662600
1650827
1594510
1557947
1598455
1641323
1605658
1579785
1588110
1635097
1585512
1651816
1558775
1580198
1556423
1655905
1609408
1622006
1579807
1610121
1565512
1643557
1634634
1661658
1640230
1663408
1598561
1617323
1614346
1582591
1568326
1643010
1585851
1638689
1573556
1594482
1614765
1657899
1621195
1584794
1649926
1584274
1561474
1626030
1584457
1590774
1660637
1661816
1657045
1566374
1587494
1565296
1642253
1650234
1656531
1617358
1637270
1569311
1620640
1630036
1621749
1643085
1558559
1626672
1560653
1634089
1573716
1640463
1583246
1590908
1663788
1564282
1615940
1564901
1581996
1649805
1626368
1650066
1652327
1651030
1556595
1557596
1582837
1618311
1657319
1625661
1590479
1603200
1645656
1645317
1570104
1616885
1650719
1583412
1580851
1576614
1656905
1598330
1581918
1560781
1597254
1566316
1587143
1625190
1639012
1646674
1630867
1594183
1661825
1651367
1651457
1656080
1560681
1607762
1590291
1598895
1560597
1589988
1589658
1634447
1618173
1642209
1622782
1600963
1618882
1624768
1650007
1579475
1616071
1650586
1628197
1620316
1561575
1575221
1615131
1652503
1620328
1587837
1610478
1646789
1582814
1589244
1620576
1647631
1644075
1640542
1574523
1609055
1643361
1592777
1596129
1577329
1586778
1572822
1603075
1633597
1633269
1601861
1624828
1617369
1590186
1650041
1632949
1652795
1658903
1630051
1661811
1621953
1635209
1611802
1577517
1642102
1577731
1657213
1640119
1656353
1577542
1616754
1579830
1598264
1635340
1617270
1656056
1612094
1619654
1609051
1613128
1584999
1563425
1580748
1645213
1660952
1655371
1661395
1652790
1568785
1593602
1587329
1607210
1632482
1611164
1664312
1635266
1627339
1649553
1588595
1656696
1584491
1576499
1641044
1633934
1653522
1633664
1644328
1662597
1585010
1580756
1605868
1571964
1628207
1576970
1626046
1616386
1655323
1647152
1624552
1647863
1591797
1608206
1657377
1612304
1649674
1635166
1570164
1646284
1637027
1578286
1644372
1563197
1639190
1620895
1649425
1566704
1599087
1623111
1571481
1558280
1563924
1593377
1647742
1662446
1634958
1609151
1648348
1607758
1605929
1634916
1566511
1623303
1584023
1594616
1647962
1612967
1592782
1574777
1601575
1641540
1654718
1634964
1586724
1649139
1568490
1616398
1647579
1595866
1571801
1613288
1662573
1614152
1629726
1654989
1650847
1577728
1598239
1588936
1575435
1618566
1659551
1593149
1658059
1616189
1637056
1614567
1646027
1657643
1603219
1565775
1558998
1650350
1625342
1650321
1593436
1600264
1647708
1660595
1558400
1573868
1618737
1626129
1590177
1566340
1577619
1642597
1626012
1639865
1602502
1659868
1570900
1612026
1645304
1655079
1655226
1609827
1569186
1614785
1664343
1644538
1626633
1614820
1647362
1563660
1651175
1555556
1605458
1636795
1652467
1580114
1641997
1635125
1651999
1609762
1631378
1655450
1614796
1630251
1559791
1661757
1616822
1647604
1635394
1589301
1573694
1652941
1562218
1652067
1634318
1643523
1604317
1647402
1662157
1587238
1559866
1662602
1583648
1558065
1660234
1588603
1630846
1556829
1650730
1572425
1577936
1577016
1555749
1642886
1623181
1626699
1574261
1614381
1643898
1577663
1626413
1639962
1586026
1617019
1572209
1617913
1661670
1589042
1556732
1584065
1574148
1586445
1650056
1584982
1633937
1654494
1584598
1616639
1648414
1586254
1597347
1570612
1632564
1640557
1590594
1651181
1611308
1642783
1577782
1590880
1596192
1590531
1622225
1642299
1588459
1618206
1629307
1574976
1628192
1567314
1567488
1572438
1568095
1572002
1635996
1576861
1621662
1590958
1610114
1586770
1622340
1634478
1625390
1658416
1609445
1631363
1652786
1641287
1563723
1641506
1610314
1613836
1658865
1586970
1655560
1564401
1621202
1606792
1580886
1594582
1639105
1643382
1617093
1635738
1645340
1583837
1655999
1664160
1658970
1639936
1559155
1563527
1649105
1570562
1573313
1562689
1649545
1623326
1626870
1653970
1632479
1657717
1562158
1635724
1602891
1610206
1620924
1587420
1627514
1558523
1574246
1559218
1653290
1608502
1566050
1621699
1589299
1614851
1572301
1564318
1620882
1597079
1595747
1652495
1641426
1624050
1604832
1624788
1589986
1556333
1663364
1653528
1576731
1559395
1639000
1609363
1578555
1590465
1633366
1575404
1574280
1584949
1631846
1606019
1636270
1636208
1586484
1608062
1609014
1582488
1577433
1644924
1582435
1558666
1583510
1646020
1609367
1624513
1577892
1660222
1612972
1660682
1606180
1583416
1571185
1577988
1661776
1640658
1642825
1574788
1596056
1577836
1588884
1653337
1574282
1592355
1587132
1618897
1629472
1627097
1649031
1649481
1644797
1661370
1622515
1600453
1583488
1636865
1616072
1598437
1652640
1578183
1610602
1648112
1655545
1655971
1650888
1625773
1640440
1600000
1596023
1628392
1611762
1574780
1653517
1623867
1601077
1562343
1622930
1658610
1595219
1624269
1583535
1612966
1558440
1613772
1579060
1589374
1568976
1580827
1618097
1604184
1664138
1571700
1588303
1621185
1581391
1660212
1656782
1640019
1634166
1637526
1577168
1641849
1661654
1555589
1569872
1574178
1621351
1616633
1651923
1630836
1626051
1586538
1615889
1636492
1645569
1629847
1638615
1590639
1611170
1612784
1634848
1634371
1628051
1638684
1588925
1617976
1598417
1632698
1610106
1648017
1565048
1605081
1638880
1655127
1631361
1586917
1655924
1662955
1609164
1630524
1625511
1562190
1646750
1590340
1556172
1600539
1580486
1609081
1617616
1638600
1577154
1659754
1558345
1593696
1595182
1638236
1603440
1664286
1558518
1632223
1624187
1612735
1572062
1559068
1584145
1636911
1618200
1584315
1635585
1607739
1620795
1602162
1626404
1583120
1615781
1580415
1648792
1640238
1651379
1569233
1560484
1593241
1581558
1618001
1663787
1603850
1606687
1631372
1587986
1635912
1647389
1583188
1657577
1635197
1586064
1616239
1579114
1645126
1591077
1644543
1634323
1607330
1573315
1559237
1636030
1614949
1607749
1609542
1642408
1659785
1620748
1621498
1635793
1648454
1614104
1618016
1608869
1609828
1610883
1594570
1629666
1646870
1586207
1660741
1593175
1658509
1620797
1566278
1586206
1626788
1653563
1592046
1583453
1628477
1624929
1591926
1605116
1611919
1647756
1656811
1646775
1661908
1558268
1655779
1575361
1628767
1621165
1651605
1639249
1568184
1644707
1558886
1578710
1556108
1560547
1580080
1633712
1610864
1605926
1578513
1660464
1643414
1624020
1607194
1587535
1589318
1628777
1586065
1593126
1626501
1593541
1653402
1627129
1566944
1578077
1641318
1587197
1617957
1641282
1558464
1640065
1616070
1663855
1587736
1568305
1583933
1643137
1647905
1584708
1661222
1628760
1584536
1597083
1600759
1591457
1568441
1649468
1598077
1580695
1617056
1642789
1618697
1609011
1591139
1595338
1647108
1601065
1555506
1589213
1607810
1642108
1657219
1641800
1583209
1618813
1568425
1627321
1660238
1556663
1646886
1644512
1630018
1654985
1571298
1556037
1600615
1631050
1635451
1634150
1594766
1617353
1627880
1619612
1619896
1616149
1623336
1592228
1598404
1608663
1610191
1653999
1650911
1652806
1645838
1609988
1573417
1613903
1650281
1637088
1558192
1573661
1661884
1612228
1609792
1661823
1631057
1615858
1626917
1660685
1616916
1624663
1621295
1659402
1607045
1642150
1639447
1622997
1573762
1563038
1644000
1638697
1600240
1635169
1559538
1571234
1643469
1614153
1650699
1608449
1615532
1589736
1631139
1612928
1555694
1570791
1660425
1634363
1662260
1641379
1603365
1628219
1652358
1635773
1654601
1649156
1659155
1607304
1587791
1614186
1599229
1567113
1610606
1582473
1664277
1630398
1584710
1627025
1614509
1573431
1645154
1558561
1586216
1603102
1628956
1625339
1575718
1561297
1611213
1575933
1563034
1630981
1591353
1653399
1591765
1584157
1577103
1601195
1634767
1569865
1630357
1653358
1639280
1591559
1590429
1629251
1563109
1593801
1588646
1661528
1569308
1590112
1616061
1586692
1618364
1620826
1560459
1660239
1573226
1620045
1598153
1629840
1638107
1612168
1577243
1657063
1640485
1563889
1577363
1596419
1627340
1587647
1643224
1556355
1641532
1603637
1578133
1596871
1558060
1612613
1597422
1564792
1653210
1650093
1643222
1651644
1570348
1647483
1555215
1614801
1572632
1614679
1597639
1652768
1601060
1566049
1558134
1629867
1652748
1623530
1602560
1664278
1563506
1603802
1592610
1636562
1575287
1651886
1645257
1617737
1603132
1581371
1564924
1583314
1583480
1649686
1555910
1617762
1595738
1570038
1557012
1558357
1648914
1570475
1555809
1610437
1557890
1581030
1615053
1573954
1592695
1639480
1561784
1603022
1595113
1564154
1653202
1622750
1653636
1578986
1603390
1615479
1622182
1661229
1594894
1585044
1645121
1653270
1564618
1641018
1563617
1587891
1585071
1657229
1602399
1651520
1641883
1639159
1590700
1555560
1570965
1639061
1580004
1582240
1598428
1558426
1588309
1656121
1614744
1565900
1662453
1664147
1638056
1568422
1616757
1628412
1607062
1633005
1596986
1555925
1649945
1618155
1564370
1618036
1579196
1606707
1639556
1656443
1609875
1649641
1560054
1555424
1588741
1572146
1620457
1610248
1633780
1626498
1663722
1637879
1556937
1584304
1599846
1648015
1662665
1561877
1655550
1595268
1645168
1582328
1583840
1623709
1573235
1588291
1616177
1663014
1657861
1656415
1581274
1653441
1648854
1629724
1614337
1620685
1581207
1628023
1629935
1650222
1642482
1595401
1630583
1663761
1610543
1586440
1597377
1594086
1579876
1585359
1583889
1620514
1638801
1627013
1629968
1588340
1591736
1636584
1640821
1561473
1650838
1561803
1576564
1623343
1663042
1657988
1648646
1648006
1625572
1608817
1602034
1578562
1597629
1585816
1589564
1566793
1561677
1619804
1640420
1571879
1631469
1614213
1596225
1601740
1605402
1618691
1632477
1633612
1635191
1622450
1611619
1613649
1649218
1644109
1659718
1575246
1581471
1621280
1587084
1573072
1577573
1571813
1633986
1638895
1584995
1661083
1608233
1628400
1603108
1575178
1614371
1625554
1590960
1639839
1628571
1588906
1662207
1640194
1572085
1560442
1588592
1652661
1592837
1626520
1592501
1595612
1615977
1629740
1604740
1645918
1622934
1612785
1569043
1576215
1601568
1637721
1658363
1577502
1577785
1649152
1559262
1570499
1557111
1592726
1658058
1579873
1621042
1586887
1653824
1605181
1644684
1574977
1586056
1649701
1656397
1575853
1590771
1596953
1558695
1567253
1610503
1627047
1633533
1649684
1631158
1599904
1654642
1586594
1557013
1638567
1661870
1657755
1602517
1657150
1626038
1569693
1603876
1644902
1629941
1621675
1603145
1578938
1597057
1580106
1640805
1643088
1651324
1659525
1582828
1659197
1585114
1621941
1596125
1561191
1642260
1611780
1567647
1632320
1655412
1626735
1612297
1597808
1645327
1584716
1569869
1662256
1607471
1590971
1649974
1587261
1648278
1561242
1599553
1651936
1602345
1611996
1596517
1587498
1604395
1630020
1639415
1654776
1636523
1621733
1662483
1658401
1661679
1611491
1559606
1619500
1622341
1635409
1644136
1581147
1557087
1620763
1572093
1610164
1634526
1628376
1622222
1618299
1603223
1644138
1556967
1572127
1659445
1582661
1626683
1563418
1610884
1660496
1570078
1644980
1617901
1627507
1578165
1583110
1616478
1603683
1586457
1649826
1657215
1580724
1596627
1643895
1636200
1649402
1647222
1642143
1663021
1561093
1590152
1581817
1616585
1564456
1580694
1630759
1623259
1559844
1561206
1613703
1606285
1609075
1639282
1559863
1650446
1645055
1602886
1585887
1587285
1575561
1662389
1597114
1656265
1597340
1626327
1660501
1625941
1587106
1590567
1581375
1565768
1573515
1570125
1614606
1650292
1657963
1663803
1639398
1604917
1583672
1660384
1562266
1605517
1659962
1662709
1639086
1644699
1641735
1637199
1635248
1608816
1581534
1555513
1664301
1590035
1589901
1598382
1569720
1558721
1630149
1603290
1612032
1603688
1654520
1629996
1616188
1574947
1592729
1645867
1585170
1586880
1574629
1612525
1650517
1617314
1640925
1650617
1633875
1631788
1637386
1663749
1636931
1641879
1612699
1566690
1573713
1578367
1608874
1570556
1623322
1593047
1657752
1649878
1581457
1601260
1558370
1595285
1607729
1629883
1655096
1643736
1556654
1653076
1634699
1568001
1659474
1597404
1646761
1601114
1561231
1593044
1613935
1648540
1656726
1563309
1644201
1622254
1585806
1622552
1642868
1625791
1564021
1584870
1608063
1638971
1570108
1574579
1605526
1594811
1597898
1578213
1589633
1619958
1590268
1590648
1572616
1605540
1652207
1610984
1658748
1567681
1583239
1644130
1663659
1570624
1592535
1612174
1567286
1626677
1656850
1573745
1583685
1655107
1618489
1565595
1566213
1627720
1561185
1586490
1639118
1593748
1611218
1583088
1565451
1588301
1608314
1645719
1564073
1561852
1657469
1609479
1656314
1583406
1610192
1638972
1639194
1628442
1650813
1614279
1660976
1599550
1646863
1571260
1647515
1608925
1617673
1630928
1655341
1664283
1604646
1644823
1653066
1636816
1605709
1598881
1602777
1598544
1615162
1586558
1588903
1648856
1592781
1637081
1561050
1583886
1646935
1631086
1615098
1564093
1575572
1622569
1612235
1623003
1580014
1645787
1649380
1619081
1583292
1640023
1596924
1581934
1636534
1611733
1658263
1617346
1592630
1563414
1582557
1614223
1638618
1608819
1582728
1636091
1639720
1595029
1573232
1558829
1631058
1616278
1613490
1611748
1584251
1651514
1619807
1620751
1572216
1603211
1638836
1578090
1595076
1641385
1647097
1664217
1580392
1568768
1613294
1558719
1635030
1590867
1582325
1648568
1632800
1608823
1564366
1622117
1606266
1616087
1634213
1619539
1560381
1646538
1567510
1650421
1663286
1617296
1565551
1580090
1660154
1558319
1604099
1658724
1617517
1636109
1650356
1641916
1637846
1612836
1588431
1652181
1653205
1631088
1585533
1660287
1624557
1600351
1610765
1626819
1623761
1643081
1557238
1586556
1661488
1649704
1648939
1610604
1600443
1609656
1562249
1640225
1647079
1590586
1640804
1661858
1601515
1646419
1659269
1631910
1589004
1647896
1590217
1603363
1656884
1636912
1604452
1603361
1561082
1645876
1563776
1617329
1560499
1586257
1607621
1639067
1617044
1588155
1642097
1563731
1611876
1638273
1633327
1625676
1660477
1569540
1662209
1638736
1636400
1608070
1604199
1619857
1627269
1563242
1588042
1581256
1659435
1629144
1586028
1600495
1663326
1599509
1583550
1597428
1633633
1585466
1583307
1592357
1565179
1580190
1574551
1583635
1614965
1591877
1626599
1657651
1562217
1607765
1587050
1564569
1574548
1559533
1583505
1645501
1636883
1607044
1645060
1625146
1638776
1569132
1578148
1642130
1613272
1563623
1631848
1572873
1597501
1642347
1630870
1631048
1561302
1648573
1618197
1647971
1658989
1608177
1588389
1595477
1615224
1556651
1588963
1601200
1566655
1625576
1560912
1663650
1655963
1602281
1607434
1609102
1572820
1591813
1617841
1644409
1556025
1590285
1609929
1648331
1565765
1570424
1615461
1561610
1573594
1613016
1609658
1563612
1643934
1580049
1570830
1571946
1646893
1622426
1572456
1644236
1569057
1597158
1662556
1589339
1620899
1558626
1583540
1654475
1591188
1569108
1646286
1597460
1596702
1592408
1658372
1566725
1576518
1608386
1648475
1605382
1575746
1620676
1610610
1577519
1616139
1624591
1626050
1660792
1593331
1604409
1555452
1617271
1660207
1641309
1651486
1609037
1586491
1610390
1578191
1629630
1617458
1652647
1577867
1622065
1610301
1568482
1621460
1650765
1582796
1656341
1624281
1571578
1565786
1560220
1657257
1567758
1651328
1653789
1569874
1577931
1624455
1620187
1601363
1631258
1561760
1578923
1644363
1657974
1637154
1592087
1628063
1634593
1603111
1633244
1562562
1618290
1652366
1642611
1625703
1558606
1572431
1569141
1568684
1638940
1603086
1629671
1633978
1567631
1626077
1635672
1572099
1639748
1660354
1645895
1607981
1658206
1583127
1585188
1640594
1646026
1593342
1617594
1624484
1590812
1639240
1574045
1661950
1659961
1630285
1575507
1640176
1642898
1638548
1616113
1584109
1654858
1633004
1664486
1662627
1611214
1652311
1585193
1625501
1646006
1602598
1640507
1626786
1629930
1571950
1602998
1593440
1595683
1558541
1627374
1579854
1585803
1607564
1570114
1583106
1599472
1663204
1577121
1577082
1606963
1574637
1637931
1638423
1573119
1653269
1627282
1617778
1618089
1636438
1565533
1655736
1597815
1617157
1627976
1661681
1584393
1596880
1661715
1607566
1625805
1614349
1568297
1627296
1588035
1587887
1566433
1636428
1646003
1564677
1597768
1631727
1650357
1623744
1581234
1639129
1662503
1585400
1645038
1614154
1662485
1661599
1573555
1659426
1628455
1589755
1634013
1572853
1639976
1566765
1633380
1575600
1587224
1648416
1598414
1651803
1631522
1643721
1565915
1581479
1630916
1635774
1617283
1623413
1559118
1620732
1567610
1619809
1559445
1564113
1590086
1610773
1585470
1561611
1638834
1640162
1641526
1612354
1585312
1574816
1562023
1583722
1574326
1604265
1590295
1609171
1583433
1577593
1556838
1591447
1637413
1571657
1632581
1621268
1565063
1580730
1611224
1622968
1580491
1562823
1626471
1597140
1606515
1642259
1625401
1634693
1642972
1616444
1613045
1637597
1659610
1584570
1636872
1651059
1573731
1642645
1606199
1591537
1644648
1625272
1597137
1573895
1618871
1657927
1591554
1585007
1623325
1643842
1581088
1618684
1655233
1575743
1567712
1572989
1604260
1651301
1629643
1594092
1574809
1575612
1642358
1660873
1630087
1593497
1629988
1583784
1637541
1579855
1601877
1616419
1563913
1604443
1605711
1600613
1595391
1575903
1640121
1578054
1605493
1607853
1567783
1592792
1641731
1588294
1634418
1555380
1615225
1571225
1591672
1569402
1648222
1656806
1557575
1585116
1556876
1556195
1558051
1631364
1561726
1593000
1657361
1572587
1627859
1591183
1662009
1570438
1562097
1631502
1645426
1636094
1605920
1582601
1649417
1610621
1614373
1621942
1613060
1612101
1661396
1589384
1560587
1647839
1592762
1603733
1647670
1620827
1632891
1604796
1567851
1625789
1661921
1657813
1608868
1577108
1635088
1611722
1558786
1647117
1558011
1618969
1630921
1608378
1651405
1628375
1585162
1630826
1621737
1651564
1572427
1626800
1573741
1561557
1574006
1657475
1654650
1588132
1584054
1656257
1639960
1557780
1568985
1626045
1633626
1596563
1600792
1590225
1646742
1642892
1565272
1585311
1567052
1585133
1625906
1655700
1635143
1597702
1626796
1560919
1595656
1644731
1592182
1580443
1628437
1627858
1590090
1654158
1645223
1603873
1635412
1590091
1663799
1583104
1602863
1617963
1650802
1590892
1559205
1572186
1614491
1609442
1616590
1579067
1635509
1601227
1629581
1564483
1578805
1591174
1562030
1558636
1628710
1638703
1613087
1606162
1653395
1581052
1604137
1663265
1625647
1592843
1619134
1663078
1601656
1656804
1618634
1578542
1561752
1617206
1643998
1604497
1589337
1609781
1585363
1617325
1600037
1571435
1636274
1597609
1628809
1645395
1620870
1597171
1650843
1630600
1585459
1590205
1654837
1626820
1648971
1649264
1578231
1632296
1612988
1627939
1654807
1659581
1660534
1610817
1632125
1576473
1638267
1574464
1576148
1661390
1579188
1645566
1623855
1559184
1589266
1651904
1605083
1643503
1656222
1652000
1636937
1617674
1639501
1603134
1564518
1633460
1610150
1613671
1632233
1612555
1589627
1625632
1577725
1636389
1639775
1579749
1663325
1606156
1622548
1640287
1579121
1606151
1654427
1656773
1614127
1634616
1641046
1625690
1661992
1629637
1584840
1605099
1663309
1608348
1655373
1645715
1585207
1561203
1610384
1612656
1557864
1641411
1575357
1561812
1611038
1659518
1642194
1650343
1595305
1583976
1586560
1622619
1651453
1631118
1627197
1642030
1654411
1643235
1576196
1605886
1559621
1638648
1567682
1580020
1660023
1592797
1627888
1629300
1564580
1612234
1569077
1626183
1579244
1577993
1559060
1627059
1573767
1650789
1574611
1650387
1622466
1621174
1578439
1650882
1630922
1584195
1597810
1614522
1617789
1573812
1599342
1567781
1617008
1636407
1649272
1651049
1606448
1653498
1568170
1593130
1602497
1650466
1650957
1581895
1603045
1557496
1661982
1607676
1582567
1657778
1646061
1556036
1558624
1620058
1625891
1567333
1571661
1664441
1604683
1646255
1597901
1636320
1602490
1629243
1650235
1653265
1561099
1661344
1617701
1652738
1642800
1564300
1561223
1624840
1593376
1616293
1561109
1625865
1581779
1639648
1584639
1559850
1638192
1567883
1656919
1620681
1617871
1626386
1590588
1650918
1644273
1633050
1662447
1590702
1623597
1641556
1588488
1627141
1584482
1655610
1660701
1633375
1578724
1596490
1608891
1568776
1558816
1650017
1610721
1564391
1577371
1610654
1658695
1599503
1608840
1638999
1630370
1640101
1641012
1617120
1595449
1658927
1577284
1560186
1565054
1598026
1661815
1601267
1586236
1558495
1626978
1636333
1630686
1575029
1636892
1626574
1556207
1643892
1632742
1580788
1588095
1632756
1622135
1562314
1632446
1663964
1618508
1628703
1652261
1584825
1593456
1573448
1660562
1612716
1655925
1597164
1590105
1556327
1608462
1637212
1630057
1660372
1622064
1597395
1610719
1644475
1632374
1628957
1613119
1632443
1598564
1596191
1580845
1651843
1603591
1657929
1578965
1608513
1562995
1630382
1620930
1574845
1638851
1592199
1628970
1593711
1638253
1592688
1592834
1617781
1584855
1558599
1656096
1596430
1618281
1599155
1660474
1607450
1640710
1580286
1644676
1657427
1663789
1590374
1625086
1614667
1572499
1582007
1607303
1607027
1590705
1662343
1620360
1646411
1573284
1611734
1661494
1650290
1563265
1566127
1558611
1556196
1562729
1610300
1604067
1659569
1660658
1611346
1659925
1642272
1648350
1606396
1609004
1585082
1586350
1587870
1568226
1629998
1631094
1587892
1617797
1583064
1595707
1630903
1559483
1638793
1560195
1618637
1560618
1658051
1572601
1592241
1640226
1652778
1558737
1664402
1631746
1653977
1621947
1578715
1617335
1641675
1653595
1589327
1630983
1661735
1637529
1572040
1603557
1630430
1623575
1602907
1605227
1610012
1649384
1620193
1610731
1593549
1621541
1650481
1593103
1593650
1570071
1600376
1571058
1645198
1633428
1610526
1624930
1563071
1593360
1570763
1655103
1557467
1608808
1650631
1593332
1647481
1567740
1590803
1560937
1651934
1572317
1634777
1592404
1582958
1604782
1633347
1567153
1630885
1608988
1645023
1642600
1603159
1652268
1600431
1634674
1583825
1622077
1559150
1660493
1569805
1638036
1643477
1609688
1616810
1567829
1582955
1571562
1652098
1647061
1648666
1609322
1617629
1625621
1659453
1576320
1573652
1643933
1575006
1647112
1579232
1607532
1650246
1636620
1565150
1596446
1645837
1586530
1627958
1618486
1607767
1571764
1662041
1659366
1578465
1649466
1567257
1561103
1612110
1608465
1651411
1648983
1652414
1614091
1617203
1589038
1633229
1585521
1628470
1648733
1581750
1588397
1569541
1573887
1649213
1600276
1565617
1647569
1594691
1615023
1588304
1650237
1641732
1630135
1593364
1570996
1576702
1625550
1596036
1566517
1598557
1574999
1612562
1648747
1652867
1648427
1597475
1648966
1578763
1613914
1645454
1600844
0
1590478
1598943
1578239
1591895
1648143
1561007
1664287
1566840
1615724
1640615
1615128
1593371
1559657
1607039
1626629
1642460
1585003
1622562
1591078
1629050
1627456
1664204
1656982
1631615
1624550
1622518
1644530
1563385
1573149
1626521
1593118
1588078
1589884
1603554
1577781
1612641
1659045
1568355
1587534
1642037
1558909
1618166
1592866
1578564
1567092
1601177
1652737
1660485
1657700
1573651
1565418
1555637
1645216
1566052
1612712
1567519
1654200
1572067
1568466
1573386
1662185
1574547
1587509
1592556
1628456
1643198
1614766
1616601
1645167
1660373
1607883
1593229
1615703
1649598
1626061
1643613
1624987
1654606
1627586
1635327
1636804
1610694
1592680
1569943
1558080
1567999
1571592
1558701
1557000
1619420
1583793
1591263
1603029
1657437
1628046
1568902
1568964
1642647
1596817
1647039
1559996
1602706
1662290
1644141
1629672
1640414
1623723
1593152
1581800
1628407
1642873
1617944
1573633
1619359
1629725
1612208
1565129
1614678
1649917
1630728
1655744
1639612
1567579
1590457
1611085
1618630
1631698
1580006
1570186
1581564
1579068
1617565
1561390
1566154
1561389
1645153
1627874
1630340
1651250
1648130
1630987
1606870
1648707
1642918
1642993
1630293
1610240
1589297
1585012
1583426
1659321
1594004
1606240
1599068
1651869
1636634
1639815
1569331
1594096
1621500
1604983
1618692
1601194
1636349
1565556
1559557
1614207
1625726
1616323
1578893
1611386
1585882
1560351
1591396
1588441
1609505
1561628
1559383
1628907
1595332
1559417
1606483
1598667
1578424
1582167
1625720
1591221
1616600
1655792
1598562
1594684
1613809
1603951
1653964
1570879
1584810
1588076
1577051
1612681
1630348
1635032
1645718
1587159
1579460
1581053
1633917
1640569
1559612
1620205
1610966
1584405
1584287
1591180
1628176
1651852
1642630
1601290
1594499
1605820
1585015
1560295
1567419
1560368
1630269
1650040
1633827
1593879
1640128
1581514
1610900
1659632
1620067
1572066
1568894
1612474
1591586
1636359
1640587
1631458
1585865
1601775
1609989
1609642
1623641
1609185
1630234
1645613
1581172
1562301
1657642
1591805
1590498
1577014
1648961
1605048
1647845
1613143
1565933
1591609
1609644
1614422
1564561
1634504
1561396
1659047
1597581
1631036
1623953
1639365
1636430
1562214
1614534
1646088
1591129
1641596
1573198
1556173
1570460
1583572
1653363
1581279
1660376
1598469
1625680
1585485
1564268
1570630
1591660
1635389
1587799
1631994
1617475
1597943
1600949
1558534
1650373
1589069
1595647
1636186
1568392
1567801
1654851
1582802
1618815
1646089
1595975
1588219
1578131
1638027
1575900
1635561
1610830
1639048
1645671
1562740
1632448
1657149
1636101
1574392
1617696
1628638
1579603
1599606
1593339
1612124
1561108
1557120
1659671
1618990
1588966
1564692
1561593
1585904
1618646
1602813
1590173
1575748
1599856
1557414
1630111
1658922
1646064
1614171
1617495
1571439
1594593
1623717
1618558
1594171
1574871
1565336
1607166
1651526
1584198
1621332
1583212
1593107
1642331
1577303
1587883
1564351
1596553
1577530
1601512
1589093
1636015
1623337
1567811
1649642
1579031
1650610
1620823
1559825
1580242
1627788
1590585
1649464
1618674
1633601
1661705
1562494
1644879
1657277
1585220
1602522
1656261
1635384
1592227
1639599
1593369
1557543
1581995
1590676
1624572
1609719
1623283
1586749
1636708
1558593
1557903
1663836
1623487
1621696
1578415
1627248
1597555
1620783
1658477
1604121
1630890
1628800
1659873
1650698
1638340
1561129
1640680
1583607
1655117
1596760
1640912
1641473
1619754
1558249
1583763
1645300
1579315
1563238
1562091
1639602
1659438
1598466
1648705
1563399
1644891
1593378
1580693
1626496
1630932
1570962
1662864
1579750
1597725
1569490
1567304
1641856
1616057
1659690
1630999
1628041
1607319
1663258
1569055
1649847
1587306
1648994
1654610
1585326
1588094
1639589
1645027
1590110
1646461
1628747
1619755
1613140
1578915
1614264
1628374
1588320
1568121
1635179
1559960
